			 23 01 00 00 00 00 02
					00 00 
			 29 01 00 00 00 00 04
					FF 96 05 01 
			 23 01 00 00 00 00 02
					00 80 
			 29 01 00 00 00 00 03
					FF 96 05 
			 23 01 00 00 00 00 02
					00 00 
			 23 01 00 00 00 00 02
					A0 00 
			 23 01 00 00 00 00 02
					00 92 
			 29 01 00 00 00 00 03
					FF 10 02 
			 23 01 00 00 00 00 02
					00 83 
			 23 01 00 00 00 00 02
					B2 80 
			 23 01 00 00 00 00 02
					00 80 
			 23 01 00 00 00 00 02
					C4 9C 
			 23 01 00 00 00 00 02
					00 C0 
			 23 01 00 00 00 00 02
					C5 00 
			 23 01 00 00 00 00 02
					00 B2 
			 29 01 00 00 00 00 05
					F5 15 00 15 00 
			 23 01 00 00 00 00 02
					00 93 
			 23 01 00 00 00 00 02
					C5 03 
			 23 01 00 00 00 00 02
					00 C5 
			 23 01 00 00 00 00 02
					B0 03 
			 23 01 00 00 00 00 02
					00 B0 
			 29 01 00 00 00 00 03
					C5 04 28 
			 23 01 00 00 00 00 02
					00 80 
			 29 01 00 00 00 00 03
					C1 36 66 
			 23 01 00 00 00 00 02
					00 89 
			 23 01 00 00 00 00 02
					C0 01 
			 23 01 00 00 00 00 02
					00 80 
			 23 01 00 00 00 00 02
					C6 64 
			 23 01 00 00 00 00 02
					00 B0 
			 29 01 00 00 00 00 06
					C6 03 10 00 1F 12 
			 23 01 00 00 00 00 02
					00 B4 
			 23 01 00 00 00 00 02
					C0 50 
			 23 01 00 00 00 00 02
					00 00 
			 23 01 00 00 00 00 02
					D0 40 
			 23 01 00 00 00 00 02
					00 00 
			 29 01 00 00 00 00 03
					D1 00 00 
			 23 01 00 00 00 00 02
					00 80 
			 29 01 00 00 00 00 05
					C5 08 00 A0 11 
			 23 01 00 00 00 00 02
					00 90 
			 29 01 00 00 00 00 08
					C5 96 76 01 76 33 33 34 
			 23 01 00 00 00 00 02
					00 80 
			 29 01 00 00 00 00 0b
					CB 00 00 00 00 00 00 00 00 00 00 
			 23 01 00 00 00 00 02
					00 90 
			 29 01 00 00 00 00 10
					CB 00 00 00 00 00 00 00 00 00 00 00 00 00 00 00 
			 23 01 00 00 00 00 02
					00 A0 
			 29 01 00 00 00 00 10
					CB 00 00 00 00 00 00 00 00 00 00 00 00 00 00 00 
			 23 01 00 00 00 00 02
					00 B0 
			 29 01 00 00 00 00 0b
					CB 00 00 00 00 00 00 00 00 00 00 
			 23 01 00 00 00 00 02
					00 C0 
			 29 01 00 00 00 00 10
					CB 04 04 04 04 00 04 00 04 00 04 00 04 04 04 00 
			 23 01 00 00 00 00 02
					00 D0 
			 29 01 00 00 00 00 10
					CB 00 00 00 00 00 04 04 04 04 00 04 00 04 00 04 
			 23 01 00 00 00 00 02
					00 E0 
			 29 01 00 00 00 00 0b
					CB 00 04 04 04 00 00 00 00 00 00 
			 23 01 00 00 00 00 02
					00 F0 
			 29 01 00 00 00 00 0b
					CB 00 CC CC 00 00 00 CC CC 0F 00 
			 23 01 00 00 00 00 02
					00 80 
			 29 01 00 00 00 00 0b
					CC 26 25 21 22 00 0C 00 0A 00 10 
			 23 01 00 00 00 00 02
					00 90 
			 29 01 00 00 00 00 10
					CC 00 0E 02 04 00 00 00 00 00 00 26 25 21 22 00 
			 23 01 00 00 00 00 02
					00 A0 
			 29 01 00 00 00 00 10
					CC 0B 00 09 00 0F 00 0D 01 03 00 00 00 00 00 00 
			 23 01 00 00 00 00 02
					00 B0 
			 29 01 00 00 00 00 0b
					CC 25 26 21 22 00 0D 00 0F 00 09 
			 23 01 00 00 00 00 02
					00 C0 
			 29 01 00 00 00 00 10
					CC 00 0B 03 01 00 00 00 00 00 00 25 26 21 22 00 
			 23 01 00 00 00 00 02
					00 D0 
			 29 01 00 00 00 00 10
					CC 0E 00 10 00 0A 00 0C 04 02 00 00 00 00 00 00 
			 23 01 00 00 00 00 02
					00 80 
			 29 01 00 00 00 00 0d
					CE 8B 03 28 8A 03 28 89 03 28 88 03 28 
			 23 01 00 00 00 00 02
					00 90 
			 29 01 00 00 00 00 0f
					CE F0 00 00 F0 00 00 F0 00 00 F0 00 00 00 00 
			 23 01 00 00 00 00 02
					00 A0 
			 29 01 00 00 00 00 0f
					CE 38 07 03 C0 00 18 00 38 06 03 C1 00 18 00 
			 23 01 00 00 00 00 02
					00 B0 
			 29 01 00 00 00 00 0f
					CE 38 05 03 C2 00 18 00 38 04 03 C3 00 18 00 
			 23 01 00 00 00 00 02
					00 C0 
			 29 01 00 00 00 00 0f
					CE 38 03 03 C4 00 18 00 38 02 03 C5 00 18 00 
			 23 01 00 00 00 00 02
					00 D0 
			 29 01 00 00 00 00 0f
					CE 38 01 03 C6 00 18 00 38 00 03 C7 00 18 00 
			 23 01 00 00 00 00 02
					00 C0 
			 23 01 00 00 00 00 02
					CF 02 
			 23 01 00 00 00 00 02
					00 00 
			 29 01 00 00 00 00 03
					D8 7F 7F 
			 23 01 00 00 00 00 02
					00 00 
			 23 01 00 00 00 00 02
					D9 1F 
			 23 01 00 00 00 00 02
					00 00 
			 29 01 00 00 00 00 11
					E1 03 08 0E 0F 08 1B 0E 0E 00 04 02 06 0D 23 1F 0A 
			 23 01 00 00 00 00 02
					00 00 
			 29 01 00 00 00 00 11
					E2 03 08 0E 0F 08 1B 0E 0E 00 04 02 06 0D 23 1F 0A 
			 23 01 00 00 00 00 02
					00 A0 
			 23 01 00 00 00 00 02
					C1 00 
			 23 01 00 00 00 00 02
					00 C7 
			 23 01 00 00 00 00 02
					CF 00 
			 23 01 00 00 00 00 02
					00 00 
			 29 01 00 00 00 00 04
					FF FF FF FF 
